14 11 31 1 10
1 29 10 1 12
15 1 0 8 11
10 10 22 9 12
17 22 4 21 10
8 9 12 3 1
13 0 9 15 25
29 18 3 8 11
3 17 9 10 6
20 1 13 28 8
0 14 14 8 10
9 13 36 10 26
2 12 26 8 15
14 10 13 2 22
9 13 8 14 13
8 3 12 3 4
12 12 24 2 8
16 3 8 29 9
14 12 12 21 11
1 29 1 11 3
12 14 18 1 7
8 12 1 11 1
10 15 1 18 9
4 18 12 10 1
4 7 3 11 2
15 4 20 12 8
1 10 10 13 20
11 10 7 11 7
0 21 0 13 13
12 12 16 5 29
12 6 13 1 1
17 13 14 19 13
18 16 13 11 10
16 13 16 11 16
20 13 7 1 24
4 10 10 14 3
14 2 28 10 14
8 5 8 10 8
2 7 12 24 1
3 3 16 28 8
25 28 5 25 7
